1.31697e-113 1.09953e-57 -3.45843e-57 -2e-14
9.53848e-112 7.97067e-57 -2.98382e-56 -1.992e-14
6.54101e-110 5.43096e-56 -2.49921e-55 -1.984e-14
4.20182e-108 3.43664e-55 -2.02082e-54 -1.976e-14
2.43496e-106 1.94417e-54 -1.54828e-53 -1.968e-14
1.22461e-104 9.25094e-54 -1.10275e-52 -1.96e-14
5.13476e-103 3.22015e-53 -7.15848e-52 -1.952e-14
1.7198e-101 3.61262e-53 -4.14689e-51 -1.944e-14
4.38829e-100 -5.27046e-52 -2.09416e-50 -1.936e-14
8.07141e-99 -5.11315e-51 -8.96954e-50 -1.928e-14
9.98216e-98 -2.74826e-50 -3.14748e-49 -1.92e-14
7.53103e-97 -1.00816e-49 -8.61939e-49 -1.912e-14
2.95206e-96 -2.51425e-49 -1.69966e-48 -1.904e-14
4.20451e-96 -3.78432e-49 -2.01527e-48 -1.896e-14
2.97991e-97 -1.9556e-49 -5.09654e-49 -1.888e-14
3.11537e-96 2.74227e-49 1.74361e-48 -1.88e-14
4.6312e-97 2.19373e-49 6.44201e-49 -1.872e-14
3.99221e-96 -3.50697e-49 -1.96703e-48 -1.864e-14
7.12112e-97 6.94072e-50 8.41008e-49 -1.856e-14
1.09203e-96 2.44118e-49 1.01609e-48 -1.848e-14
5.23652e-96 -4.18625e-49 -2.24973e-48 -1.84e-14
7.80961e-96 5.02455e-49 2.74903e-48 -1.832e-14
9.30641e-96 -5.9531e-49 -2.99199e-48 -1.824e-14
1.29917e-95 7.78413e-49 3.51934e-48 -1.816e-14
2.5304e-95 -1.12849e-48 -4.9021e-48 -1.808e-14
6.81022e-95 1.75134e-48 8.06443e-48 -1.8e-14
2.32506e-94 -2.79886e-48 -1.49891e-47 -1.792e-14
9.35584e-94 4.41948e-48 3.02664e-47 -1.784e-14
4.23568e-93 -6.47321e-48 -6.47594e-47 -1.776e-14
2.09463e-92 7.47114e-48 1.44535e-46 -1.768e-14
1.10789e-91 -1.15571e-48 -3.32848e-46 -1.76e-14
6.16521e-91 -3.36243e-47 7.84468e-46 -1.752e-14
3.56083e-90 1.60862e-46 -1.88015e-45 -1.744e-14
2.10958e-89 -5.58959e-46 4.55888e-45 -1.736e-14
1.26834e-88 1.68624e-45 -1.11351e-44 -1.728e-14
7.65898e-88 -4.60019e-45 2.72899e-44 -1.72e-14
4.59677e-87 1.13186e-44 -6.6848e-44 -1.712e-14
2.71308e-86 -2.39965e-44 1.62957e-43 -1.704e-14
1.55974e-85 3.66316e-44 -3.93233e-43 -1.696e-14
8.70085e-85 6.88654e-45 9.32758e-43 -1.688e-14
4.78514e-84 -3.86685e-43 -2.15305e-42 -1.68e-14
2.77559e-83 2.25855e-42 4.75971e-42 -1.672e-14
1.94721e-82 -9.94535e-42 -9.78833e-42 -1.664e-14
1.8001e-81 3.86409e-41 1.75209e-41 -1.656e-14
1.99091e-80 -1.39444e-40 -2.155e-41 -1.648e-14
2.29234e-79 4.78531e-40 -1.55526e-41 -1.64e-14
2.56528e-78 -1.58194e-39 2.50485e-40 -1.632e-14
2.73672e-77 5.07791e-39 -1.25779e-39 -1.624e-14
2.78067e-76 -1.59097e-38 4.99485e-39 -1.616e-14
2.70188e-75 4.88299e-38 -1.78191e-38 -1.608e-14
2.52258e-74 -1.47186e-37 5.96838e-38 -1.6e-14
2.27257e-73 4.36524e-37 -1.91582e-37 -1.592e-14
1.98231e-72 -1.27558e-36 5.95998e-37 -1.584e-14
1.67877e-71 3.67628e-36 -1.80903e-36 -1.576e-14
1.38328e-70 -1.04584e-35 5.3805e-36 -1.568e-14
1.11092e-69 2.93873e-35 -1.57259e-35 -1.56e-14
8.70817e-69 -8.16089e-35 4.52566e-35 -1.552e-14
6.67067e-68 2.24086e-34 -1.28422e-34 -1.544e-14
4.99883e-67 -6.0868e-34 3.5971e-34 -1.536e-14
3.66806e-66 1.63625e-33 -9.95366e-34 -1.528e-14
2.63782e-65 -4.35477e-33 2.7229e-33 -1.52e-14
1.86051e-64 1.14787e-32 -7.36813e-33 -1.512e-14
1.28796e-63 -2.99762e-32 1.97328e-32 -1.504e-14
8.75641e-63 7.75773e-32 -5.23275e-32 -1.496e-14
5.84978e-62 -1.99008e-31 1.37453e-31 -1.488e-14
3.84189e-61 5.06144e-31 -3.57781e-31 -1.48e-14
2.48149e-60 -1.27648e-30 9.23087e-31 -1.472e-14
1.57685e-59 3.19268e-30 -2.3612e-30 -1.464e-14
9.86044e-59 -7.92046e-30 5.98922e-30 -1.456e-14
6.06934e-58 1.94918e-29 -1.50667e-29 -1.448e-14
3.67809e-57 -4.75894e-29 3.75944e-29 -1.44e-14
2.19496e-56 1.15286e-28 -9.30527e-29 -1.432e-14
1.29015e-55 -2.77139e-28 2.28492e-28 -1.424e-14
7.47036e-55 6.61192e-28 -5.56652e-28 -1.416e-14
4.26196e-54 -1.56571e-27 1.34555e-27 -1.408e-14
2.39612e-53 3.68038e-27 -3.22739e-27 -1.4e-14
1.3277e-52 -8.58825e-27 7.68191e-27 -1.392e-14
7.25146e-52 1.98965e-26 -1.8146e-26 -1.384e-14
3.90406e-51 -4.5764e-26 4.25407e-26 -1.376e-14
2.07198e-50 1.0451e-25 -9.8982e-26 -1.368e-14
1.08401e-49 -2.36964e-25 2.2858e-25 -1.36e-14
5.59031e-49 5.33445e-25 -5.23896e-25 -1.352e-14
2.8416e-48 -1.19226e-24 1.19168e-24 -1.344e-14
1.42354e-47 2.64555e-24 -2.69006e-24 -1.336e-14
7.02742e-47 -5.82783e-24 6.02583e-24 -1.328e-14
3.41802e-46 1.27445e-23 -1.33933e-23 -1.32e-14
1.63766e-45 -2.76656e-23 2.95344e-23 -1.312e-14
7.72773e-45 5.96107e-23 -6.46087e-23 -1.304e-14
3.59041e-44 -1.27478e-22 1.40191e-22 -1.296e-14
1.64199e-43 2.70534e-22 -3.01679e-22 -1.288e-14
7.38876e-43 -5.69656e-22 6.43714e-22 -1.28e-14
3.27006e-42 1.18993e-21 -1.36166e-21 -1.272e-14
1.42264e-41 -2.46516e-21 2.85471e-21 -1.264e-14
6.08005e-41 5.0635e-21 -5.92971e-21 -1.256e-14
2.55071e-40 -1.03083e-20 1.21988e-20 -1.248e-14
1.04943e-39 2.07906e-20 -2.4843e-20 -1.24e-14
4.22954e-39 -4.15218e-20 5.00547e-20 -1.232e-14
1.66759e-38 8.20635e-20 -9.97069e-20 -1.224e-14
6.42106e-38 -1.60387e-19 1.9618e-19 -1.216e-14
2.40951e-37 3.09698e-19 -3.80839e-19 -1.208e-14
8.78784e-37 -5.90147e-19 7.28361e-19 -1.2e-14
3.10404e-36 1.10812e-18 -1.36971e-18 -1.192e-14
1.05679e-35 -2.04624e-18 2.52603e-18 -1.184e-14
3.44479e-35 3.70582e-18 -4.55135e-18 -1.176e-14
1.06465e-34 -6.55663e-18 7.96713e-18 -1.168e-14
3.073e-34 1.12671e-17 -1.34295e-17 -1.16e-14
8.07844e-34 -1.86312e-17 2.14645e-17 -1.152e-14
1.84652e-33 2.91685e-17 -3.1555e-17 -1.144e-14
3.31971e-33 -4.18563e-17 3.9595e-17 -1.136e-14
3.56551e-33 5.07445e-17 -3.14724e-17 -1.128e-14
2.37968e-33 -3.66973e-17 -3.21403e-17 -1.12e-14
6.5332e-32 -5.16585e-17 2.50327e-16 -1.112e-14
8.51709e-31 3.40162e-16 -8.57904e-16 -1.104e-14
6.95828e-30 -1.11991e-15 2.38832e-15 -1.096e-14
4.54147e-29 3.03774e-15 -6.01555e-15 -1.088e-14
2.59371e-28 -7.48758e-15 1.42586e-14 -1.08e-14
1.35315e-27 1.74003e-14 -3.24096e-14 -1.072e-14
6.60254e-27 -3.88123e-14 7.13873e-14 -1.064e-14
3.05644e-26 8.39351e-14 -1.5336e-13 -1.056e-14
1.35488e-25 -1.77081e-13 3.22692e-13 -1.048e-14
5.78801e-25 3.65953e-13 -6.66993e-13 -1.04e-14
2.39377e-24 -7.42904e-13 1.35715e-12 -1.032e-14
9.61642e-24 1.48446e-12 -2.72264e-12 -1.024e-14
3.762e-23 -2.92398e-12 5.39169e-12 -1.016e-14
1.43596e-22 5.68372e-12 -1.05495e-11 -1.008e-14
5.3559e-22 -1.0912e-11 2.04088e-11 -1e-14
1.95437e-21 2.07048e-11 -3.90599e-11 -9.92e-15
6.98334e-21 -3.88455e-11 7.3989e-11 -9.84e-15
2.44524e-20 7.20901e-11 -1.38764e-10 -9.76e-15
8.39511e-20 -1.32372e-10 2.57738e-10 -9.68e-15
2.82729e-19 2.40543e-10 -4.74203e-10 -9.6e-15
9.34317e-19 -4.32629e-10 8.64378e-10 -9.52e-15
3.03039e-18 7.7019e-10 -1.56115e-09 -9.44e-15
9.64816e-18 -1.35719e-09 2.79396e-09 -9.36e-15
3.01548e-17 2.3671e-09 -4.95497e-09 -9.28e-15
9.25177e-17 -4.08573e-09 8.70773e-09 -9.2e-15
2.78612e-16 6.97768e-09 -1.51632e-08 -9.12e-15
8.23365e-16 -1.17872e-08 2.61615e-08 -9.04e-15
2.38709e-15 1.96879e-08 -4.47156e-08 -8.96e-15
6.78652e-15 -3.24968e-08 7.56999e-08 -8.88e-15
1.89096e-14 5.2971e-08 -1.269e-07 -8.8e-15
5.16016e-14 -8.51927e-08 2.1058e-07 -8.72e-15
1.37783e-13 1.35028e-07 -3.4576e-07 -8.64e-15
3.59563e-13 -2.10583e-07 5.61443e-07 -8.56e-15
9.15738e-13 3.22467e-07 -9.00973e-07 -8.48e-15
2.27183e-12 -4.83415e-07 1.42763e-06 -8.4e-15
5.47711e-12 7.0642e-07 -2.23116e-06 -8.32e-15
1.27922e-11 -9.99671e-07 3.43408e-06 -8.24e-15
2.88248e-11 1.35525e-06 -5.19501e-06 -8.16e-15
6.23144e-11 -1.72612e-06 7.70291e-06 -8.08e-15
1.28256e-10 1.9819e-06 -1.11502e-05 -8e-15
2.48646e-10 -1.82735e-06 1.56623e-05 -7.92e-15
4.47403e-10 6.56645e-07 -2.11417e-05 -7.84e-15
7.3393e-10 2.70048e-06 2.69562e-05 -7.76e-15
1.09093e-09 -1.0412e-05 -3.13451e-05 -7.68e-15
1.6156e-09 2.63689e-05 3.03362e-05 -7.6e-15
3.54306e-09 -5.73809e-05 -1.5827e-05 -7.52e-15
1.40207e-08 0.000115116 -2.7732e-05 -7.44e-15
6.46804e-08 -0.000219205 0.000128955 -7.36e-15
2.76562e-07 0.000402151 -0.000338876 -7.28e-15
1.07099e-06 -0.000716981 0.000746275 -7.2e-15
3.81754e-06 0.00124907 -0.00150245 -7.12e-15
1.27386e-05 -0.00213416 0.00286076 -7.04e-15
4.03027e-05 0.00358556 -0.00523894 -6.96e-15
0.000122014 -0.0059348 0.00931626 -6.88e-15
0.000355833 0.00969162 -0.0161835 -6.8e-15
0.00100456 -0.0156318 0.0275719 -6.72e-15
0.00275561 0.0249243 -0.0461994 -6.64e-15
0.00736565 -0.0393134 0.0762896 -6.56e-15
0.0192281 0.0613769 -0.124342 -6.48e-15
0.04911 -0.0948883 0.200265 -6.4e-15
0.122897 0.14532 -0.319029 -6.32e-15
0.301696 -0.220534 0.503051 -6.24e-15
0.727237 0.331717 -0.785621 -6.16e-15
1.72274 -0.494645 1.21576 -6.08e-15
4.01325 0.731345 -1.86504 -6e-15
9.1994 -1.07229 2.83718 -5.92e-15
20.7598 1.55922 -4.28119 -5.84e-15
46.1389 -2.24877 6.40952 -5.76e-15
101.03 3.217 -9.52264 -5.68e-15
218.022 -4.56498 14.0422 -5.6e-15
463.802 6.42565 -20.5551 -5.52e-15
972.84 -8.97184 29.8722 -5.44e-15
2012.35 12.4257 -43.104 -5.36e-15
4105.66 -17.0689 61.7601 -5.28e-15
8262.83 23.2543 -87.8753 -5.2e-15
16405 -31.4168 124.169 -5.12e-15
32132.9 42.0839 -174.247 -5.04e-15
62095.4 -55.8833 242.842 -4.96e-15
118387 73.546 -336.121 -4.88e-15
222672 -95.9009 462.033 -4.8e-15
413163 123.857 -630.731 -4.72e-15
756192 -158.37 855.05 -4.64e-15
1.36504e+06 200.378 -1151.04 -4.56e-15
2.42997e+06 -250.713 1538.54 -4.48e-15
4.26494e+06 309.961 -2041.78 -4.4e-15
7.37889e+06 -378.267 2689.95 -4.32e-15
1.25812e+07 455.073 -3517.68 -4.24e-15
2.11335e+07 -538.769 4565.44 -4.16e-15
3.4961e+07 626.236 -5879.53 -4.08e-15
5.69347e+07 -712.277 7511.82 -4e-15
9.12291e+07 788.914 -9518.76 -3.92e-15
1.43747e+08 -844.536 11959.7 -3.84e-15
2.2257e+08 862.904 -14893.8 -3.76e-15
3.38361e+08 -822.012 18376.2 -3.68e-15
5.04549e+08 692.821 -22451.5 -3.6e-15
7.3707e+08 -437.897 27145.5 -3.52e-15
1.0533e+09 10.0144 -32454.5 -3.44e-15
1.46969e+09 649.215 38331 -3.36e-15
1.99766e+09 -1610.58 -44666.1 -3.28e-15
2.63713e+09 2958.24 51267.7 -3.2e-15
3.36781e+09 -4790.34 -57834.8 -3.12e-15
4.13873e+09 7218.93 63926.6 -3.04e-15
4.85858e+09 -10369.2 -68927.9 -2.96e-15
5.39201e+09 14377.4 72009.1 -2.88e-15
5.57185e+09 -19387.9 -72083 -2.8e-15
5.24395e+09 25548.1 67758.7 -2.72e-15
4.37163e+09 -33001.7 -57293.3 -2.64e-15
3.23953e+09 41879.7 38543.8 -2.56e-15
2.81373e+09 -52289 -8921.8 -2.48e-15
5.33469e+09 64298.6 -34646.5 -2.4e-15
1.52405e+10 -77923.3 95752.2 -2.32e-15
4.05388e+10 93105 -178522 -2.24e-15
9.47591e+10 -109692 287623 -2.16e-15
1.99623e+11 127418 -428238 -2.08e-15
3.88555e+11 -145879 606032 -2e-15
7.11108e+11 164513 -827069 -1.92e-15
1.23831e+12 -182579 1.09772e+06 -1.84e-15
2.06885e+12 199143 -1.4245e+06 -1.76e-15
3.3357e+12 -213065 1.81392e+06 -1.68e-15
5.21294e+12 222992 -2.27227e+06 -1.6e-15
7.92172e+12 -227363 2.80536e+06 -1.52e-15
1.17347e+13 224417 -3.41824e+06 -1.44e-15
1.69777e+13 -212218 4.11494e+06 -1.36e-15
2.40268e+13 188683 -4.89808e+06 -1.28e-15
3.33001e+13 -151630 5.76864e+06 -1.2e-15
4.52426e+13 98839.2 -6.72554e+06 -1.12e-15
6.03026e+13 -28119.9 7.76543e+06 -1.04e-15
7.89005e+13 -62602.1 -8.88237e+06 -9.6e-16
1.01389e+14 175190 1.00677e+07 -8.8e-16
1.28007e+14 -311196 -1.13097e+07 -8e-16
1.5883e+14 471750 1.2594e+07 -7.2e-16
1.93723e+14 -657464 -1.39029e+07 -6.4e-16
2.3229e+14 868326 1.52163e+07 -5.6e-16
2.73849e+14 -1.10362e+06 -1.65115e+07 -4.8e-16
3.17407e+14 1.36187e+06 1.77638e+07 -4e-16
3.61672e+14 -1.64077e+06 -1.89468e+07 -3.2e-16
4.05081e+14 1.93722e+06 2.00332e+07 -2.4e-16
4.45861e+14 -2.24727e+06 -2.09955e+07 -1.6e-16
4.82117e+14 2.56625e+06 2.18067e+07 -8e-17
5.11947e+14 -2.88876e+06 -2.24411e+07 0
5.3357e+14 3.20885e+06 2.28752e+07 8e-17
5.45464e+14 -3.52011e+06 -2.30884e+07 1.6e-16
5.46504e+14 3.81584e+06 2.30639e+07 2.4e-16
5.3608e+14 -4.08924e+06 -2.27894e+07 3.2e-16
5.14183e+14 4.33358e+06 2.22577e+07 4e-16
4.81455e+14 -4.54243e+06 -2.14667e+07 4.8e-16
4.39187e+14 4.70987e+06 2.04207e+07 5.6e-16
3.89265e+14 -4.83066e+06 -1.91293e+07 6.4e-16
3.34064e+14 4.90051e+06 1.76082e+07 7.2e-16
2.76298e+14 -4.91618e+06 -1.58786e+07 8e-16
2.18835e+14 4.87563e+06 1.39665e+07 8.8e-16
1.645e+14 -4.77814e+06 -1.19025e+07 9.6e-16
1.15875e+14 4.62436e+06 9.72059e+06 1.04e-15
7.51159e+13 -4.41627e+06 -7.45738e+06 1.12e-15
4.38156e+13 4.15718e+06 5.15107e+06 1.2e-15
2.29024e+13 -3.85158e+06 -2.84038e+06 1.28e-15
1.26027e+13 3.50503e+06 563475 1.36e-15
1.2459e+13 -3.124e+06 1.64304e+06 1.44e-15
2.14005e+13 2.71564e+06 -3.7451e+06 1.52e-15
3.78596e+13 -2.28757e+06 5.71197e+06 1.6e-15
5.99193e+13 1.84768e+06 -7.517e+06 1.68e-15
8.54767e+13 -1.4039e+06 9.13815e+06 1.76e-15
1.12408e+14 963976 -1.05584e+07 1.84e-15
1.38721e+14 -535293 1.17658e+07 1.92e-15
1.62677e+14 124670 -1.27539e+07 2e-15
1.82889e+14 261786 1.35211e+07 2.08e-15
1.98369e+14 -618812 -1.40708e+07 2.16e-15
2.08553e+14 942089 1.44106e+07 2.24e-15
2.13276e+14 -1.22831e+06 -1.45522e+07 2.32e-15
2.1273e+14 1.4752e+06 1.45105e+07 2.4e-15
2.07397e+14 -1.68153e+06 -1.43028e+07 2.48e-15
1.97971e+14 1.84704e+06 1.39485e+07 2.56e-15
1.8528e+14 -1.97242e+06 -1.34681e+07 2.64e-15
1.70206e+14 2.05917e+06 1.28828e+07 2.72e-15
1.5362e+14 -2.10951e+06 -1.22135e+07 2.8e-15
1.3633e+14 2.12624e+06 1.14808e+07 2.88e-15
1.1904e+14 -2.11261e+06 -1.07041e+07 2.96e-15
1.02329e+14 2.0722e+06 9.90126e+06 3.04e-15
8.66389e+13 -2.00877e+06 -9.08866e+06 3.12e-15
7.22795e+13 1.92617e+06 8.28066e+06 3.2e-15
5.94371e+13 -1.82818e+06 -7.48965e+06 3.28e-15
4.81914e+13 1.7185e+06 6.72593e+06 3.36e-15
3.85356e+13 -1.60058e+06 -5.99781e+06 3.44e-15
3.03968e+13 1.47762e+06 5.31163e+06 3.52e-15
2.36563e+13 -1.3525e+06 -4.67194e+06 3.6e-15
1.8167e+13 1.22776e+06 4.08162e+06 3.68e-15
1.37686e+13 -1.10554e+06 -3.54209e+06 3.76e-15
1.02993e+13 987657 3.05349e+06 3.84e-15
7.60439e+12 -875515 -2.61493e+06 3.92e-15
5.54217e+12 770195 2.22463e+06 4e-15
3.98713e+12 -672448 -1.88014e+06 4.08e-15
2.83141e+12 582733 1.57855e+06 4.16e-15
1.98469e+12 -501254 -1.3166e+06 4.24e-15
1.37312e+12 427996 1.09084e+06 4.32e-15
9.37589e+11 -362764 -897770 4.4e-15
6.3177e+11 305220 733901 4.48e-15
4.2004e+11 -254920 -595866 4.56e-15
2.75511e+11 211342 480464 4.64e-15
1.78246e+11 -173917 -384707 4.72e-15
1.13721e+11 142053 305846 4.8e-15
7.15299e+10 -115156 -241390 4.88e-15
4.43437e+10 92642.3 189106 4.96e-15
2.70848e+10 -73957.5 -147021 5.04e-15
1.62928e+10 58580.6 113407 5.12e-15
9.64814e+09 -46032.5 -86770.7 5.2e-15
5.62129e+09 35879.5 65832.8 5.28e-15
3.22034e+09 -27734.2 -49509.2 5.36e-15
1.81268e+09 21255.7 36890.1 5.44e-15
1.00165e+09 -16147.6 -27219.6 5.52e-15
5.42792e+08 12155.5 19875.5 5.6e-15
2.88089e+08 -9063.69 -14350.5 5.68e-15
1.49529e+08 6691.17 10235.1 5.76e-15
7.57543e+07 -4887.85 -7201.61 5.84e-15
3.73704e+07 3530.61 4990.51 5.92e-15
1.78959e+07 -2519.53 -3398.21 6e-15
8.28585e+06 1774.38 2266.59 6.08e-15
3.68932e+06 -1231.43 -1474.08 6.16e-15
1.56813e+06 840.59 928.189 6.24e-15
629739 -562.914 -559.345 6.32e-15
235482 368.453 315.792 6.4e-15
80400.7 -234.435 -159.501 6.48e-15
24619 143.748 62.8936 6.56e-15
7041.51 -83.681 -6.24586 6.64e-15
2609.36 44.9165 -24.3285 6.72e-15
1906.51 -20.7124 38.4384 6.8e-15
1854.04 6.26014 -42.6011 6.88e-15
1695.25 1.81687 41.1333 6.96e-15
1389.31 -5.84931 -36.8116 7.04e-15
1038.12 7.41473 31.3551 7.12e-15
721.348 -7.55684 -25.7729 7.2e-15
473.022 6.94734 20.6096 7.28e-15
295.784 -6.00351 -16.1165 7.36e-15
177.678 4.97241 12.3674 7.44e-15
103.082 -3.99013 -9.336 7.52e-15
57.9894 3.12266 6.94539 7.6e-15
31.7272 -2.39362 -5.0988 7.68e-15
16.9213 1.80247 3.69762 7.76e-15
8.8132 -1.33627 -2.65096 7.84e-15
4.48897 0.976813 1.88011 7.92e-15
2.23851 -0.704919 -1.31969 8e-15
1.09384 0.502659 0.917155 8.08e-15
0.524128 -0.35442 -0.63128 8.16e-15
0.246404 0.247238 0.430439 8.24e-15
0.113701 -0.170704 -0.290795 8.32e-15
0.0515141 0.116694 0.19467 8.4e-15
0.0229203 -0.0790019 -0.129147 8.48e-15
0.0100161 0.0529763 0.0849095 8.56e-15
0.00429911 -0.035191 -0.0553237 8.64e-15
0.00181234 0.0231586 0.0357214 8.72e-15
0.000750278 -0.0150983 -0.0228543 8.8e-15
0.000304951 0.00975119 0.0144867 8.88e-15
0.000121653 -0.00623822 -0.00909602 8.96e-15
4.76112e-05 0.00395249 0.00565589 9.04e-15
1.82701e-05 -0.00247966 -0.00348157 9.12e-15
6.86904e-06 0.00153993 0.00212077 9.2e-15
2.52795e-06 -0.000946296 -0.00127768 9.28e-15
9.09586e-07 0.000575121 0.000760803 9.36e-15
3.19494e-07 -0.000345479 -0.000447368 9.44e-15
1.0934e-07 0.000204954 0.000259488 9.52e-15
3.63662e-08 -0.000119951 -0.000148249 9.6e-15
1.17155e-08 6.91601e-05 8.32607e-05 9.68e-15
3.63907e-09 -3.92099e-05 -4.58438e-05 9.76e-15
1.08299e-09 2.18022e-05 2.46507e-05 9.84e-15
3.05945e-10 -1.18459e-05 -1.28693e-05 9.92e-15
8.08868e-11 6.25481e-06 6.46252e-06 1e-14
1.95533e-11 -3.18162e-06 -3.07093e-06 1.008e-14
4.14434e-12 1.53578e-06 1.3363e-06 1.016e-14
7.06606e-13 -6.82997e-07 -4.90022e-07 1.024e-14
7.89506e-14 2.60432e-07 1.05478e-07 1.032e-14
6.52599e-15 -6.44394e-08 4.87192e-08 1.04e-14
9.22971e-15 -1.67771e-08 -9.45951e-08 1.048e-14
1.072e-14 4.2956e-08 9.42062e-08 1.056e-14
8.03625e-15 -4.49415e-08 -7.75662e-08 1.064e-14
4.81626e-15 3.79327e-08 5.81151e-08 1.072e-14
2.52411e-15 -2.89142e-08 -4.10862e-08 1.08e-14
1.20804e-15 2.07294e-08 2.78986e-08 1.088e-14
5.40797e-16 -1.42506e-08 -1.83771e-08 1.096e-14
2.2977e-16 9.49514e-09 1.18158e-08 1.104e-14
9.35375e-17 -6.1723e-09 -7.44582e-09 1.112e-14
3.6724e-17 3.93138e-09 4.61175e-09 1.12e-14
1.39708e-17 -2.4609e-09 -2.81331e-09 1.128e-14
5.16782e-18 1.51717e-09 1.69294e-09 1.136e-14
1.86365e-18 -9.22704e-10 -1.00611e-09 1.144e-14
6.56578e-19 5.54267e-10 5.91073e-10 1.152e-14
2.26355e-19 -3.29173e-10 -3.43512e-10 1.16e-14
7.64633e-20 1.93426e-10 1.9761e-10 1.168e-14
2.53364e-20 -1.12528e-10 -1.12578e-10 1.176e-14
8.24239e-21 6.48475e-11 6.35389e-11 1.184e-14
2.63452e-21 -3.70331e-11 -3.55397e-11 1.192e-14
8.27862e-22 2.09655e-11 1.97055e-11 1.2e-14
2.55886e-22 -1.17697e-11 -1.08332e-11 1.208e-14
7.78312e-23 6.55356e-12 5.9061e-12 1.216e-14
2.33044e-23 -3.62013e-12 -3.1936e-12 1.224e-14
6.87113e-24 1.98416e-12 1.71297e-12 1.232e-14
1.99543e-24 -1.07918e-12 -9.11486e-13 1.24e-14
5.70887e-25 5.82531e-13 4.81191e-13 1.248e-14
1.60933e-25 -3.121e-13 -2.52045e-13 1.256e-14
4.47073e-26 1.65976e-13 1.30993e-13 1.264e-14
1.22403e-26 -8.76191e-14 -6.75516e-14 1.272e-14
3.30305e-27 4.59161e-14 3.45653e-14 1.28e-14
8.78536e-28 -2.38866e-14 -1.7549e-14 1.288e-14
2.30314e-28 1.23358e-14 8.83985e-15 1.296e-14
5.9508e-29 -6.32399e-15 -4.41759e-15 1.304e-14
1.51525e-29 3.21821e-15 2.1899e-15 1.312e-14
3.80181e-30 -1.62558e-15 -1.07671e-15 1.32e-14
9.39751e-31 8.14959e-16 5.2497e-16 1.328e-14
2.28798e-31 -4.05464e-16 -2.53766e-16 1.336e-14
5.48515e-32 2.00171e-16 1.21587e-16 1.344e-14
1.29443e-32 -9.80419e-17 -5.77238e-17 1.352e-14
3.00573e-33 4.76331e-17 2.71444e-17 1.36e-14
6.8645e-34 -2.29508e-17 -1.26376e-17 1.368e-14
1.54108e-34 1.09642e-17 5.82187e-18 1.376e-14
3.39879e-35 -5.19181e-18 -2.65198e-18 1.384e-14
7.35855e-36 2.43603e-18 1.19344e-18 1.392e-14
1.56259e-36 -1.13213e-18 -5.29975e-19 1.4e-14
3.25106e-37 5.20899e-19 2.31884e-19 1.408e-14
6.61881e-38 -2.37141e-19 -9.97607e-20 1.416e-14
1.31653e-38 1.06745e-19 4.20822e-20 1.424e-14
2.55358e-39 -4.74666e-20 -1.73352e-20 1.432e-14
4.81836e-40 2.08277e-20 6.93124e-21 1.44e-14
8.81843e-41 -9.00489e-21 -2.66387e-21 1.448e-14
1.55956e-41 3.82882e-21 9.67347e-22 1.456e-14
2.6528e-42 -1.59688e-21 -3.20562e-22 1.464e-14
4.31519e-43 6.509e-22 8.85877e-23 1.472e-14
6.66913e-44 -2.57899e-22 -1.33951e-23 1.48e-14
9.74106e-45 9.84939e-23 -6.32493e-24 1.488e-14
1.34961e-45 -3.57382e-23 8.50831e-24 1.496e-14
1.84246e-46 1.19816e-23 -6.37873e-24 1.504e-14
2.80572e-47 -3.47381e-24 3.99873e-24 1.512e-14
5.71039e-48 6.84006e-25 -2.28966e-24 1.52e-14
1.54344e-48 8.74747e-26 1.23927e-24 1.528e-14
4.61465e-49 -2.13651e-25 -6.4484e-25 1.536e-14
1.3547e-49 1.71472e-25 3.2568e-25 1.544e-14
3.76841e-50 -1.09042e-25 -1.60605e-25 1.552e-14
9.90256e-51 6.22524e-26 7.7635e-26 1.56e-14
2.47112e-51 -3.33249e-26 -3.6886e-26 1.568e-14
5.89272e-52 1.70704e-26 1.7259e-26 1.576e-14
1.35014e-52 -8.46074e-27 -7.96432e-27 1.584e-14
2.98533e-53 4.08487e-27 3.62865e-27 1.592e-14
6.39223e-54 -1.92953e-27 -1.63375e-27 1.6e-14
1.32906e-54 8.94389e-28 7.27413e-28 1.608e-14
2.68912e-55 -4.07689e-28 -3.2047e-28 1.616e-14
5.30392e-56 1.83039e-28 1.39771e-28 1.624e-14
1.02121e-56 -8.10372e-29 -6.03741e-29 1.632e-14
1.92155e-57 3.54124e-29 2.58362e-29 1.64e-14
3.53674e-58 -1.5285e-29 -1.09564e-29 1.648e-14
6.37213e-59 6.5202e-30 4.60524e-30 1.656e-14
1.12444e-59 -2.74996e-30 -1.91888e-30 1.664e-14
1.94418e-60 1.1471e-30 7.92676e-31 1.672e-14
3.29467e-61 -4.73353e-31 -3.24658e-31 1.68e-14
5.47311e-62 1.93256e-31 1.31845e-31 1.688e-14
8.91335e-63 -7.80679e-32 -5.30919e-32 1.696e-14
1.4231e-63 3.12032e-32 2.12005e-32 1.704e-14
2.22738e-64 -1.23391e-32 -8.39557e-33 1.712e-14
3.41728e-65 4.82695e-33 3.29748e-33 1.72e-14
5.13848e-66 -1.86765e-33 -1.28467e-33 1.728e-14
7.57152e-67 7.14583e-34 4.96511e-34 1.736e-14
1.09303e-67 -2.70287e-34 -1.9039e-34 1.744e-14
1.54549e-68 1.01031e-34 7.24406e-35 1.752e-14
2.13958e-69 -3.73026e-35 -2.73514e-35 1.76e-14
2.89886e-70 1.35959e-35 1.02487e-35 1.768e-14
3.84166e-71 -4.88771e-36 -3.81141e-36 1.776e-14
4.97649e-72 1.73121e-36 1.40692e-36 1.784e-14
6.29701e-73 -6.03231e-37 -5.15571e-37 1.792e-14
7.77801e-74 2.06355e-37 1.8761e-37 1.8e-14
9.37436e-75 -6.91029e-38 -6.7817e-38 1.808e-14
1.10261e-75 2.25596e-38 2.43654e-38 1.816e-14
1.2673e-76 -7.13552e-39 -8.70715e-39 1.824e-14
1.42827e-77 2.16503e-39 3.09764e-39 1.832e-14
1.58951e-78 -6.19218e-40 -1.09822e-39 1.84e-14
1.76847e-79 1.61095e-40 3.88452e-40 1.848e-14
2.00414e-80 -3.47258e-41 -1.37243e-40 1.856e-14
2.36678e-81 3.94611e-42 4.84893e-41 1.864e-14
2.96892e-82 1.65579e-42 -1.71508e-41 1.872e-14
3.97743e-83 -1.67869e-42 6.07917e-42 1.88e-14
5.62614e-84 9.77191e-43 -2.1613e-42 1.888e-14
8.22833e-85 -4.77384e-43 7.71322e-43 1.896e-14
1.21882e-85 2.13162e-43 -2.76484e-43 1.904e-14
1.80093e-86 -8.99562e-44 9.95849e-44 1.912e-14
2.62981e-87 3.64765e-44 -3.60455e-44 1.92e-14
3.77597e-88 -1.43452e-44 1.31078e-44 1.928e-14
5.31839e-89 5.50292e-45 -4.78559e-45 1.936e-14
7.3422e-90 -2.06679e-45 1.7523e-45 1.944e-14
9.93542e-91 7.61961e-46 -6.42617e-46 1.952e-14
1.31851e-91 -2.76253e-46 2.35658e-46 1.96e-14
1.71692e-92 9.86281e-47 -8.6265e-47 1.968e-14
2.19068e-93 -3.46802e-47 3.14319e-47 1.976e-14
2.68728e-94 1.19135e-47 -1.12604e-47 1.984e-14
2.65021e-95 -3.67186e-48 3.60826e-48 1.992e-14
